-2068166196
-869050156
-342113514
-428246772
2043373497
1588205984
-779188257
-284034692
1643550025
-2070686302
-161667100
-1268594744
1099996363
816718743
1599282514
-1225895147
-1164609232
-269465647
-846924300
1572529134
-362581164
-400482850
-1813988304
1109605079
970434226
2079416094
-733560238
-1914584195
-2070045394
824106645
-691584826
2002123380
-1217947841
-30584909
-1083744408
-1770605325
221618820
-218075038
17939825
1446269012
-1433174904
1852950988
1810636088
-2108438734
1042626511
1798832902
1246106610
-1124885929
1473079069
-769043759
